20
62
162
169
286
312
393
440
443
471
522
557
581
614
625
667
674
738
748
779
790
792
829
914
922
931
970
972
1028
1070
1085
1141
1171
1276
1432
1614
1661
1700
1735
1764
1782
1853
1904
1982
2034
2052
2086
2193
2343
2389
2398
2440
2444
2447
2509
2567
2649
2668
2674
2807
2840
2860
2943
3027
3067
3157
3179
3281
3360
3455
3472
3508
3629
3663
3672
3692
3706
3708
3712
3714
3744
3783
3813
3851
3881
3889
3915
3936
3960
3978
4020
4054
4077
4126
4247
4255
4268
4344
4432
4444
4537
4623
4669
4691
4761
4794
4821
4859
4862
4895
4912
4923
4937
5016
5056
5119
5167
5253
5298
5399
5450
5496
5515
5618
5638
5650
5662
5668
5671
5736
5750
5772
5787
5824
5826
5849
5935
5936
5957
5991
6005
6007
6009
6018
6040
6094
6147
6194
6297
6331
6380
6440
6450
6452
6499
6568
6574
6723
6739
6794
6887
6924
6963
6964
7063
7069
7093
7173
7203
7207
7258
7319
7333
7374
7428
7430
7478
7480
7513
7563
7620
7621
7669
7760
7791
7811
7861
7883
7907
7965
7979
8004
8010
8133
8136
8145
8155
8182
8237
8239
8259
8282
8482
8486
8588
8598
8606
8614
8630
8644
8702
8741
8772
8784
8794
8820
8851
8868
8925
8948
9015
9150
9159
9160
9166
9228
9249
9254
9344
9508
9557
9590
9594
9617
9752
9861
9908
9967
9968
9969
10005
10065
10112
10113
10129
10154
10159
10169
10276
10309
10361
10382
10394
10416
10417
10533
10764
10819
10834
10860
10865
10975
10979
10990
11000
11034
11059
11208
11224
11363
11495
11518
11521
11600
11611
11701
11755
11846
11888
11927
12041
12048
12105
12122
12218
12242
12245
12271
12417
12424
12482
12494
12585
12605
12645
12723
12726
12730
12736
12787
12818
12868
12885
12910
12960
13023
13028
13113
13171
13210
13245
13250
13312
13361
13373
13381
13410
13423
13426
13436
13476
13479
13496
13634
13728
13737
13771
13842
13843
13853
13899
13925
13988
14066
14088
14091
14130
14178
14210
14226
14234
14247
14321
14324
14340
14355
14416
14457
14514
14529
14601
14714
14735
14753
14786
14811
14818
14830
14883
14902
15123
15126
15131
15209
15244
15257
15293
15299
15304
15362
15529
15536
15627
15628
15664
15710
15711
15766
15772
15776
15806
16026
16108
16112
16118
16181
16239
16298
16301
16342
16364
16375
16407
16446
16450
16525
16539
16559
16581
16613
16642
16693
16725
16736
16761
16786
16789
16825
16827
16864
16909
16964
17015
17033
17040
17054
17102
17122
17129
17156
17172
17180
17216
17262
17268
17281
17286
17290
17452
17494
17546
17560
17561
17577
17622
17670
17673
17726
17806
17825
17874
17886
17898
17927
17946
17955
17968
17983
18028
18040
18118
18162
18208
18232
18364
18379
18380
18408
18515
18623
18743
18811
18922
19013
19083
19159
19197
19217
19221
19233
19289
19379
19452
19457
19486
19589
19597
19602
19636
19664
19670
19690
19702
19743
19757
19769
19796
19883
20064
20100
20110
20149
20193
20240
20273
20285
20324
20336
20372
20433
20446
20490
20558
20587
20589
20613
20708
20794
20832
20848
20851
20886
20929
20974
20984
20997
21017
21047
21059
21066
21099
21154
21202
21220
21250
21330
21339
21377
21428
21446
21465
21502
21539
21556
21567
21575
21607
21611
21651
21656
21699
21765
21786
21814
21863
21884
22036
22041
22063
22072
22077
22100
22107
22155
22249
22314
22319
22330
22348
22377
22428
22481
22504
22550
22576
22589
22653
22663
22710
22715
22717
22762
22841
22981
22997
23057
23117
23215
23246
23258
23364
23366
23484
23485
23524
23544
23594
23612
23613
23621
23668
23708
23716
23864
23891
23925
24076
24111
24161
24169
24218
24223
24246
24258
24279
24313
24351
24364
24405
24437
24456
24474
24482
24494
24544
24585
24587
24594
24606
24667
24678
24699
24704
24714
24725
24727
24780
24812
24815
24819
24920
24985
25012
25067
25070
25095
25132
25199
25234
25273
25306
25310
25326
25392
25400
25405
25424
25444
25526
25607
25625
25628
25692
25725
25812
25879
26090
26142
26155
26183
26215
26260
26279
26380
26609
26767
26810
26834
26835
26842
26844
26946
27097
27127
27256
27342
27358
27365
27382
27464
27611
27688
27695
27727
27738
27802
27890
27919
27952
27974
28042
28045
28061
28073
28075
28098
28132
28225
28239
28296
28355
28406
28432
28447
28485
28505
28557
28561
28698
28710
28712
28792
28805
28903
28935
29010
29022
29044
29059
29066
29104
29108
29156
29185
29186
29258
29309
29398
29506
29665
29724
29796
29872
29881
29904
29935
29943
30004
30034
30036
30064
30090
30103
30221
30272
30273
30318
30337
30417
30432
30644
30673
30710
30748
30749
30759
30774
30780
30792
30799
30817
30862
30875
30886
30915
30974
30992
31058
31123
31168
31314
31670
31797
31826
31851
31969
31984
32006
32067
32083
32149
32175
32181
32194
32208
32276
32297
32304
32309
32351
32353
32369
32420
32438
32525
32554
32602
32672
32676
32678
32836
32978
32981
32998
33000
33070
33107
33218
33224
33235
33274
33345
33350
33355
33369
33388
33446
33471
33552
33622
33632
33635
33655
33731
33767
33771
33773
33857
33888
33921
33938
33950
33975
33994
34093
34105
34220
34293
34330
34400
34412
34489
34659
34677
34721
34744
34866
34885
34949
34964
34968
34993
35048
35090
35133
35144
35225
35298
35334
35430
35457
35564
35575
35591
35637
35653
35686
35720
35764
35803
35868
35886
35900
35920
35931
35976
36094
36143
36176
36248
36282
36294
36345
36373
36398
36437
36440
36444
36454
36472
36565
36677
36785
36807
36811
36846
36864
36943
36992
36997
37067
37115
37137
37143
37161
37246
37280
37302
37378
37385
37386
37419
37477
37488
37493
37649
37705
37800
37811
37832
37941
37980
38033
38074
38107
38112
38224
38245
38251
38415
38459
38528
38579
38627
38629
38664
38694
38726
38824
38864
38876
39043
39052
39156
39159
39180
39188
39218
39243
39325
39337
39359
39449
39454
39502
39556
39563
39582
39593
39674
39713
39788
39816
39843
39898
39900
39910
39933
39978
40032
40113
40131
40132
40145
40151
40219
40237
40269
40270
40329
40448
40467
40471
40484
40539
40704
40791
40833
40906
40990
40997
41138
41270
41274
41291
41313
41328
41384
41491
41507
41517
41545
41554
41576
41613
41648
41755
41783
41786
41802
41845
41909
41946
41968
42010
42032
42039
42040
42068
42155
42234
42301
42317
42355
42369
42392
42480
42514
42520
42638
42642
42720
42771
42812
42817
42865
42871
42874
42978
42984
43022
43037
43044
43063
43075
43107
43177
43186
43259
43301
43331
43340
43364
43376
43453
43524
43544
43552
43578
43630
43642
43772
43781
43804
43891
43898
43976
44029
44072
44102
44117
44118
44157
44165
44166
44172
44216
44239
44358
44402
44407
44528
44545
44578
44633
44641
44666
44670
44710
44747
44749
44761
44785
44789
44877
44894
44925
44945
44954
44979
45092
45106
45144
45174
45358
45390
45453
45560
45629
45640
45670
45685
45723
45725
45733
45738
45776
45792
45875
45950
45981
46045
46063
46117
46157
46171
46262
46315
46386
46395
46481
46509
46514
46590
46615
46680
46685
46733
46761
46771
46866
46876
46945
47076
47118
47129
47133
47142
47150
47195
47391
47392
47393
47396
47463
47467
47473
47502
47521
47539
47577
47774
47787
47800
47836
47837
47849
47896
47901
47966
48002
48011
48157
48168
48282
48321
48333
48358
48363
48384
48427
48446
48531
48537
48587
48699
48853
48859
48860
48869
48880
48910
48941
49017
49018
49030
49055
49057
49107
49119
49168
49169
49221
49260
49261
49265
49290
49302
49307
49317
49332
49385
49390
49397
49408
49462
49532
49564
49696
49783
49789
49877
49994
50005
50042
50043
50067
50084
50124
50169
50227
50392
50394
50412
50414
50442
50458
50480
50492
50508
50642
50664
50685
50712
50716
50723
50818
50826
50828
50884
50921
51014
51016
51052
51110
51117
51186
51203
51270
51284
51289
51347
51350
51378
51446
51461
51466
51564
51587
51589
51606
51629
51656
51676
51706
51759
51766
51835
51851
51852
51875
51894
52032
52046
52085
52124
52131
52160
52193
52233
52314
52328
52330
52338
52394
52452
52517
52521
52533
52589
52734
52757
52776
52858
52907
52945
53022
53052
53228
53229
53235
53284
53293
53358
53434
53554
53576
53681
53691
53764
53771
53775
53795
53856
53918
54024
54026
54055
54057
54085
54151
54161
54173
54207
54237
54283
54306
54388
54440
54462
54482
54650
54661
54790
54824
54828
54837
54863
54906
55049
55108
55225
55312
55344
55426
55486
55494
55496
55506
55561
55565
55813
55853
55900
55904
55908
55927
55965
56141
56168
56181
56305
56316
56333
56335
56363
56399
56476
56495
56558
56570
56648
56656
56672
56698
56790
56870
57052
57054
57068
57087
57125
57126
57177
57212
57282
57461
57462
57524
57554
57607
57697
57725
57741
57784
57807
57932
57941
58095
58096
58142
58149
58220
58221
58279
58295
58320
58361
58366
58400
58416
58513
58586
58592
58617
58639
58664
58707
58747
58759
58765
58800
58883
58896
58903
58908
58912
58913
58972
59003
59013
59024
59032
59067
59125
59128
59148
59213
59250
59369
59418
59449
59499
59507
59519
59545
59653
59781
59791
59825
59862
59871
59906
59911
59914
60035
60047
60055
60104
60117
60147
60169
60212
60279
60284
60291
60333
60386
60391
60408
60481
60494
60545
60619
60653
60710
60731
60746
60781
60787
60887
61024
61079
61094
61100
61159
61190
61213
61216
61268
61277
61284
61340
61358
61384
61428
61445
61492
61547
61580
61591
61598
61657
61660
61679
61699
61735
61739
61824
61886
61919
61935
61981
62032
62035
62062
62108
62126
62173
62221
62240
62252
62329
62353
62355
62372
62387
62451
62465
62502
62625
62652
62655
62673
62761
63055
63058
63084
63134
63143
63154
63161
63185
63224
63244
63247
63255
63264
63267
63276
63330
63346
63448
63468
63473
63490
63526
63539
63559
63561
63617
63663
63692
63730
63735
63743
63746
63769
63845
63851
63857
63865
63880
64001
64033
64036
64128
64132
64175
64181
64197
64257
64269
64317
64439
64505
64519
64528
64533
64587
64602
64624
64666
64673
64682
64733
64744
64759
64824
64882
64981
65034
65038
65048
65069
65113
65194
65241
65263
65272
65278
65295
65320
65432
65498
65501
65523
65537
65543
65562
65618
65641
65642
65734
65768
65772
65833
65841
65889
66070
66095
66123
66126
66155
66171
66196
66223
66300
66341
66371
66395
66419
66429
66456
66484
66503
66506
66517
66580
66745
66828
66833
66911
66921
66936
66941
66986
67028
67052
67084
67226
67235
67264
67292
67315
67320
67380
67400
67766
67776
67865
67875
67905
67918
67928
67947
67968
68055
68108
68112
68114
68120
68214
68228
68243
68289
68357
68363
68411
68514
68582
68585
68598
68604
68629
68633
68634
68637
68644
68668
68677
68688
68790
68840
68862
69038
69130
69173
69201
69223
69289
69294
69310
69316
69319
69348
69361
69366
69400
69459
69480
69517
69524
69529
69537
69539
69610
69626
69647
69663
69669
69781
69878
69918
69987
70007
70012
70041
70043
70065
70095
70161
70216
70247
70276
70307
70327
70377
70504
70547
70562
70773
70838
70876
70892
70947
70978
70980
71051
71052
71131
71139
71167
71182
71185
71194
71281
71312
71393
71417
71452
71612
71674
71695
71707
71827
72168
72169
72183
72190
72206
72304
72417
72468
72507
72511
72572
72580
72628
72684
72709
72717
72720
72774
72791
72811
72891
72898
72917
72926
72964
73000
73005
73098
73107
73164
73271
73284
73322
73361
73389
73463
73512
73530
73534
73541
73560
73581
73599
73627
73647
73655
73695
73721
73837
73856
73866
73875
73888
73907
73969
73972
74009
74018
74039
74045
74048
74092
74180
74229
74245
74264
74280
74320
74378
74387
74460
74508
74512
74513
74539
74567
74576
74596
74653
74657
74680
74694
74854
74878
74902
74993
74996
75024
75052
75106
75119
75148
75204
75313
75314
75315
75468
75477
75499
75546
75608
75683
75714
75869
75906
75936
75997
76117
76135
76144
76158
76190
76197
