10204
10961
110
11011
11447
11638
11678
11799
11802
12635
12685
12760
12761
12919
13168
13222
13273
13382
13402
13411
1352
13920
13950
13964
14203
1431
14407
1460
14655
14700
14721
15204
15253
15462
1564
15687
15930
15942
15962
16085
16091
1611
16255
16258
16328
16585
16918
16924
17020
17065
17219
1741
17444
17451
17636
18163
18396
18963
1924
19991
19999
2
20355
20594
20622
20824
20865
20883
21187
21491
21707
21758
23383
23502
23582
23917
24048
24314
24340
245
247
24755
24866
24877
24909
25196
25374
25397
25524
25544
25590
25809
25818
25943
25998
26133
26195
26332
264
26516
26529
26720
27163
2747
27999
28228
28404
28917
29058
29070
29140
29505
29549
29808
29829
29903
29934
29953
29997
30069
30199
30708
30776
30804
30852
31355
31454
32298
33022
33389
33522
33980
33992
34108
34320
34397
34402
34443
34548
34653
34658
35343
35582
35614
35687
35782
3621
36362
36439
36753
36776
36827
3709
37104
37172
37345
37437
37442
37622
37853
37970
38082
38220
38276
38661
38785
38958
39152
39163
39260
39727
39774
39855
39949
40249
40321
40710
40767
40939
41070
41127
41422
41432
41610
41716
42064
42389
42619
42650
42748
43013
44
44041
44521
44907
45394
45465
45871
46043
46284
46296
46550
46778
46823
46897
46915
47209
47332
47579
48077
48126
48133
48503
48562
48622
49079
49491
49523
49741
5051
50640
50759
51338
51659
51752
51903
52275
5234
52651
52920
53134
5323
53458
53997
54088
5411
54524
54868
54961
55006
55658
55692
5581
56057
56247
56325
56378
56491
56587
56786
56816
56911
57061
5708
57332
5757
57732
57758
57806
58019
58203
58204
58404
58421
58632
58686
59068
59099
59272
59513
59598
59603
59950
59994
60027
60202
60203
60215
60292
60392
60402
60511
60655
60878
61021
61253
61473
61563
61860
61932
62210
62324
62416
62627
62690
62842
63007
63357
63445
63471
63532
63592
636
63696
63709
63817
63943
64004
64325
64506
65119
65237
65429
65444
65769
65973
66425
66452
66611
6672
66768
66794
66980
67059
67753
67832
6796
68296
6831
68392
68522
68655
68802
6896
69078
69420
69551
6959
69703
69818
70063
70475
70568
71086
71192
71410
7148
71631
71645
72027
72244
72352
72555
72594
729
736
73691
74191
74302
74602
74642
74716
74766
74848
75101
75128
75218
75414
75500
75647
75660
75662
7595
7598
76003
76006
76049
76094
7695
796
8068
808
8366
840
8442
8582
8612
8695
8734
8735
8770
8782
8924
9125
9411
9706
9795
9855
