10044
10050
10115
10151
10191
10204
10312
10457
10501
10517
10519
10547
10560
10576
10625
10649
10712
10745
10746
10748
10920
10922
10949
10961
10963
10998
110
11011
11068
11072
11084
11120
11129
11168
11255
11295
11301
11331
11349
11394
11425
11440
11447
11484
1159
11607
11638
11667
11677
11678
1172
11747
11799
11802
11808
11904
11925
11965
11987
12033
12054
12079
12084
12092
12094
12120
12128
12129
12134
12136
1214
12160
12196
12243
12253
12340
12423
12429
12441
12448
12457
12483
12489
12493
12514
12546
12551
12565
12572
12590
12635
1267
12679
12685
12721
12760
12761
12765
12770
12782
12792
1283
12849
12852
12919
12927
13104
13157
13168
13170
13177
13181
13186
13194
132
13215
13222
13228
13229
13273
13307
13321
13364
13375
13382
13402
13411
13441
1346
1352
13594
13620
13642
13687
13788
13824
13839
13848
1385
13855
13884
13903
13920
13923
1395
13950
13964
14005
14016
14117
14158
14173
14180
14203
14209
14250
14307
1431
14325
14367
14400
14401
14404
14407
14480
14484
14501
1458
1460
14600
14613
14614
14628
14641
14643
14655
14671
14700
14721
14724
14734
14819
14839
14855
14899
14913
14938
14958
15010
15016
15021
15032
15035
1505
15063
15071
15084
15100
15125
15193
15204
15220
15253
15462
15474
15504
15517
15553
15588
1560
15618
15620
1564
15657
15666
15687
15740
15752
15756
15774
15786
15827
15830
15859
15901
15913
15922
15930
15932
15942
15952
15962
16053
16085
16091
1611
1619
16195
16234
16255
16258
16308
16328
16329
16393
16437
16459
16460
16482
16510
16550
16551
16574
16585
16588
16602
16664
16767
16771
16779
16820
16828
16850
16853
16866
16885
16918
16919
16924
16940
16965
16992
17020
17021
17052
17061
17065
17067
17081
17112
1712
17123
17219
17245
17334
17372
17398
1741
17414
17417
17430
17444
17451
17532
17558
1757
17587
17593
17603
1761
17613
17636
1767
17694
1770
17729
17732
17852
17918
17921
17933
17954
18048
18061
18065
18069
18073
18086
18163
18196
18202
18239
18259
18276
18301
18396
184
18425
18456
18459
18552
18635
18651
18663
18683
18691
18741
18839
18865
18932
18955
18956
18963
18970
18997
1902
19036
19044
19071
19145
19193
19222
1924
19241
19248
19296
19344
19349
194
1940
19405
19411
1948
1950
19501
19544
19562
19567
19576
19583
19600
19603
19631
19662
19671
19744
19753
19825
19858
19916
19988
19991
19999
2
20010
20038
20042
20063
20217
2022
20355
20356
20399
20408
20444
20470
2050
20502
20509
20565
20594
20595
20609
20622
20676
20737
20777
20792
20799
2080
20824
20865
20883
2090
20902
20976
21014
21034
21049
21087
2109
21120
21133
2115
21187
21189
21194
21207
21223
21242
21247
21268
21280
21295
21361
21390
214
21419
21473
21491
21524
21530
21557
21593
21681
21707
2174
21751
21754
21758
21767
21852
21874
21875
2189
21911
21934
21951
21985
22004
22026
22069
22086
22110
22210
22215
22218
22256
22286
22290
22325
22386
22421
22439
2244
22460
22463
22480
22484
22566
22579
22582
22632
22649
22770
22771
22825
22853
22893
22903
22949
22980
23010
23161
23205
23262
23283
23287
23291
23333
23376
23383
23386
23433
23451
23502
23538
23567
23571
23582
23611
23641
23732
23747
23783
23822
23868
23917
23942
23959
23962
23967
24
24047
24048
24059
24071
24091
24115
24157
2420
24286
24314
24340
24381
24391
24404
24422
24476
245
24520
24528
24560
24588
24598
24614
24693
247
2470
24755
2479
24833
24852
24865
24866
24874
24877
24890
24891
24909
24927
24956
25021
25060
2512
25127
25134
25152
25196
25229
25254
25327
25340
25356
25374
25383
25397
25418
25443
25508
25524
25531
25544
2555
25579
25581
25590
25626
25627
25629
25705
25759
25768
25809
25818
25822
25850
25897
25926
25943
25951
25961
25998
26034
26133
26174
26188
26195
26234
26250
26313
26332
26361
26373
264
26487
26511
26516
26529
2654
26561
26587
2664
26664
26720
26746
26776
26815
26828
26912
26930
26949
26975
26977
2698
27021
27077
27102
27163
27187
27199
27200
27232
27269
27277
27288
27291
27323
27345
27419
27422
27440
2747
27476
27524
27530
27553
27557
27587
27608
27633
27648
27649
27682
2770
27726
27734
27783
27798
27833
27886
27904
27971
27988
27996
27999
2800
28080
2809
28112
28115
28139
28158
282
28215
28227
28228
28262
28266
28278
28287
28378
28381
28404
28416
28433
28486
2850
28532
28563
28599
28606
28649
28663
28688
28706
2879
28884
28917
28932
28947
29023
29058
29062
29069
29070
29073
29089
29110
29119
29136
29140
29161
29297
29335
29342
29367
29384
29404
29476
29505
29518
29549
29628
29656
29702
29705
29725
29738
29799
29804
29808
29812
29829
29887
29903
29917
29925
29933
29934
29944
29953
29980
29989
29997
30019
30039
30057
30069
30098
30099
30135
30160
30199
30210
30212
30346
30402
30416
30435
30507
30516
307
30708
30715
30737
30776
30804
30839
30852
30881
30917
30930
30938
30968
30993
31015
31240
31279
31307
31330
31355
31357
31387
31454
31459
315
31522
31525
31535
31544
31568
31645
31666
31688
31697
31706
31784
31881
31942
31967
3199
3201
32058
32060
32062
32071
32087
3209
32186
32199
32231
32270
32298
32341
32368
32374
32389
32414
3242
32476
32519
3252
32550
32585
32588
32589
32620
32644
32656
32663
32695
32729
32776
32811
3282
32829
32844
32882
32894
32910
32957
32980
33013
33014
33022
33066
33075
33126
3317
33179
33185
33186
33201
33340
33366
33370
33389
33391
33408
33437
33483
33522
33545
33585
33593
33616
33630
33672
33698
33710
33722
33724
33752
3377
33779
33803
33893
339
33941
33980
33992
34026
34097
34108
34115
34151
34161
34252
34260
34266
34268
3429
34320
3434
34346
34377
34397
34402
34443
34456
34464
34474
34487
34548
34583
34653
34658
34687
3473
34828
34886
3489
34899
34934
35008
35118
35180
35192
35242
35264
35321
35324
35343
35383
35391
35407
35434
35444
35458
35518
35521
35569
35582
35614
35665
35687
35718
35740
35782
35855
35959
3596
35964
3598
35995
36004
36027
36120
36175
36181
3621
36222
36229
36296
36321
3633
36332
36362
36390
36418
36422
36439
36494
36510
36539
36548
36554
36640
36656
36692
36753
36768
36776
36827
36914
36918
36971
36979
37059
3709
37094
37104
37125
3715
37163
37172
37253
37259
37294
37320
37337
37345
3735
37362
37368
37437
37442
37464
37497
37593
37597
37609
37622
37666
37689
37749
37783
37799
37853
37872
3790
37964
37970
37990
38014
38041
38082
3811
38125
38194
38217
38220
38275
38276
38284
38317
38400
38401
38423
38463
38492
38514
38525
38530
38543
3855
38572
38604
38641
38645
38661
38748
38778
38785
38787
38838
38856
3886
38871
38902
38952
38956
38958
38960
38983
39010
39032
39056
39078
39104
3913
39152
39157
39163
39198
39216
39260
39263
39327
39428
39493
39544
39550
39551
39555
39565
39566
3965
39672
39727
3973
39774
39847
39855
39885
39893
39894
39949
40003
40118
40153
40182
40194
40196
40249
40280
4032
40321
40344
40375
40401
40411
40412
40418
40438
40460
40470
40571
40574
40584
40610
4067
4070
40706
40710
40767
40844
40939
40950
40970
41060
41070
41120
41127
41161
41185
41191
41233
41236
41249
4129
41293
413
41321
4134
41359
41364
41385
41422
41431
41432
41455
41477
41478
41508
4151
41541
41557
41563
41572
41610
41628
41655
41704
41716
41746
41806
41811
41863
41899
41918
4197
41972
42020
42064
42080
42089
4209
42148
42160
42167
42173
42186
42195
42211
42259
42277
42282
42345
42383
42389
42401
42424
42433
42445
42452
42470
42477
42511
42589
42619
42650
42665
42744
42748
42750
4277
4278
42798
4283
42897
42899
4290
42945
43013
43108
43116
43141
43206
43212
43236
43270
43303
43322
43424
43441
43451
43476
43509
43588
43596
43613
43687
43721
43881
43897
43906
4391
4394
43992
43993
44
44041
44088
44094
44146
44202
44292
4430
44309
44410
44418
44433
44468
44480
44521
44525
44530
44553
44604
44757
44780
44787
44812
44842
44907
4491
44920
44930
44932
44943
45023
45026
45039
45061
45079
45116
45173
45179
45184
45186
4534
45353
45394
45401
45465
45471
45485
45522
45533
45544
45622
45687
45697
45699
45745
45786
45848
45871
45894
45942
4596
45984
46005
46020
46043
46096
46114
4628
46284
46296
46308
46376
46385
46409
46426
46438
46483
46529
46541
46550
46565
46575
46598
46610
46695
46716
46748
46778
46815
46823
46852
46864
46869
46887
46894
46897
46915
46926
46972
47004
47077
4708
47094
47135
47205
47209
47212
47232
47238
47277
47281
47294
47332
47355
47357
47374
4738
47387
47423
47430
47438
47445
47483
47579
47613
47654
47685
47871
47915
47931
47981
47993
48025
48077
48085
48126
48129
48133
4814
48145
48175
48182
48204
48224
48226
48299
48348
48352
4841
48503
48562
48583
48612
48622
48692
48711
48714
48775
488
48800
48826
48845
48847
48863
48864
48867
48906
48917
48924
48955
48968
49022
49079
49229
4926
49299
49374
49413
49491
49523
49529
49533
49576
49580
49635
49693
4971
49710
49741
4986
49906
49909
4992
49941
49942
49965
49970
4998
50018
50072
5010
50123
50195
50218
50233
50258
5026
50264
50373
50374
50428
50479
50485
50493
5051
50533
50537
50555
50640
50665
5067
50672
50706
50721
50738
50747
50759
50819
50821
50867
50976
50978
51021
51049
51055
51105
51160
51163
51234
51267
51338
51339
51379
51394
51396
51401
51436
51472
51500
51527
51552
51567
51620
51634
51655
51659
51660
51690
51749
51752
51762
51903
51943
51988
52029
52036
52101
5218
52231
52240
52247
52260
52275
5234
52365
52373
52478
52488
52572
52579
52638
52651
52652
52722
52807
52868
52920
52921
52959
52994
52995
53007
53026
53030
53031
53038
53061
53088
5309
53126
53128
53134
53137
5323
533
53338
53342
53432
53458
53504
53513
53583
53616
5374
53768
53789
53817
53840
53883
53911
53960
53975
53989
53997
54
54019
54088
5409
54091
54100
5411
54112
54180
54330
54336
54474
54506
54524
54539
54603
54629
54792
5484
54868
54916
54927
54961
5498
54987
55006
55010
55011
55025
55055
55088
55189
55190
55200
55214
55239
55240
55284
55303
55307
55314
55326
55353
55376
55503
55553
55556
5557
55616
55632
55641
55658
55692
55702
55708
55758
55783
55797
5581
55906
55943
55966
55973
56008
56048
56057
5610
56105
56107
56118
56147
56170
56172
56226
56247
5626
56272
56325
56367
56378
56394
56429
56450
56491
56498
56529
56557
56587
56605
56623
56629
56650
56678
56695
56786
56809
56816
56911
56916
56944
56945
5698
56987
57061
5707
5708
57149
57152
57156
57191
57245
57272
57332
57377
57393
57411
57433
5746
57474
57516
57569
5757
57573
57588
57666
5771
57732
57739
57758
57806
57811
57822
57827
5783
5786
58018
58019
58021
58033
5806
58064
58072
58083
58103
5817
58203
58204
58235
58262
58284
58292
58299
58374
58390
58395
58404
58421
58442
58444
58537
58558
58589
58590
58594
58632
58658
58686
58729
58745
58783
58983
59029
59068
59078
59089
59093
59099
59139
59157
59167
59248
59272
59274
59333
59342
59456
59513
59598
59603
59707
59718
59729
59777
59792
59847
59887
5989
59897
59950
59951
59992
59994
600
60013
60027
60093
6010
60154
60188
60189
60197
60202
60203
60207
60215
60218
60243
60249
60254
60292
60304
6031
60340
60351
60353
60357
60364
60377
60392
60402
60431
60447
60460
60506
60511
6060
60639
60650
60655
60707
60774
60779
60803
6084
60878
60900
60963
61021
61058
61092
6112
61126
61165
61206
61253
61275
61344
61352
61368
6139
61473
61483
61517
6155
61563
61567
61588
61593
61596
61609
61741
61860
61896
61898
61932
61998
6201
62021
62072
62083
62086
62129
62130
62135
62197
62210
62258
62261
62318
62324
62411
62416
62422
62426
6244
62557
62559
62583
6261
62626
62627
62630
62690
62721
62741
62748
62789
62842
62848
62871
62881
62999
63007
63035
63194
63309
63310
63336
63357
63359
63398
63421
63426
63433
6344
63445
63471
63508
63532
63592
636
63611
63668
63696
63709
63724
63734
6377
63778
63814
63817
63827
63943
63956
64004
64095
64121
64152
64189
64319
64324
64325
64341
64353
64373
64400
64421
64442
64495
64496
64506
64545
64561
64562
6459
64593
64710
64729
6475
64753
64769
6477
64808
64818
64845
64879
64887
64920
64921
64951
64983
64997
65031
65052
65064
65119
65135
65164
65216
65237
65298
65314
65333
654
65429
65444
6546
65468
65507
65524
65580
6562
65629
65644
65725
65756
65758
65769
6580
65807
65828
65856
65858
65863
65961
65973
66001
66128
66162
66163
66168
66272
66326
66350
66356
66358
66397
66425
66439
66452
66460
66476
66543
66545
66558
66581
66585
66594
66611
66627
66660
6672
66737
66768
66794
6680
66807
66912
66916
66922
66931
66933
66980
67006
67017
67049
67058
67059
67092
67095
67112
67121
67135
6720
67216
67250
67261
67269
67298
67476
67498
675
67509
67524
67541
67578
6760
67626
67630
67633
67733
67753
67802
67832
67840
67855
67870
67873
67925
67954
6796
67963
6799
68034
68097
68126
68162
68182
68192
68232
68291
68296
6831
68317
68343
68350
68366
68370
68389
68392
68413
6846
68520
68522
6853
68552
68597
68625
68655
68667
68694
68701
68743
68802
68823
68914
68946
6896
69055
69061
69078
69108
69119
69135
69138
69156
69166
69185
69240
69248
6925
69299
69308
69420
69422
69434
69476
69483
69551
69574
6959
69671
697
69703
69760
69763
69793
69807
69818
69856
69898
69899
69903
69926
69950
69974
70008
70034
70042
70063
70149
70164
70234
70286
70314
70389
70405
70437
70475
7051
70548
70553
70568
70632
70661
70712
70833
70834
70841
70856
7092
70929
70936
70976
70977
71043
71086
71192
71266
71307
71308
71370
71382
71392
71402
71407
71410
71469
7148
71485
71609
71631
71645
71659
71664
71685
71732
71734
71788
71811
71828
71937
71939
71959
71965
71971
71983
71984
72006
72012
72027
72031
72035
72124
72126
72137
72148
72155
72162
72171
72239
72244
72282
72352
72378
72384
72403
72429
72458
72470
72471
72487
72509
72526
7254
72555
7257
72577
72594
72622
72671
72732
72781
72812
72849
729
72995
73004
73055
73077
73142
73143
73179
73202
73237
73241
73258
73274
73295
73300
73336
73367
73368
73477
73565
736
73649
73691
73692
73728
73745
73752
73793
73848
7385
73853
73877
7390
73922
73949
73982
73991
7400
74006
74056
74069
74073
74088
7409
74109
74132
74138
74147
74186
74191
74193
74235
74236
74267
74289
74302
74310
74332
74350
74365
74371
74527
74537
74549
74602
74632
74642
74672
74689
74696
74716
74766
74827
74828
74848
74899
74924
74976
74988
75006
75014
75046
7505
75062
75068
75101
75111
75128
75188
75218
75294
75354
75413
75414
75500
75647
75660
75662
75761
75764
75806
75822
75904
75934
75937
7595
75956
7598
75990
76003
76006
76049
76064
76094
76151
76204
76208
76288
76305
76326
76333
76336
76354
76387
76393
76406
76461
76480
76493
76502
7652
76553
7666
76675
76677
76701
76715
76765
76781
76796
76810
76817
76824
76827
76829
76830
76843
76916
76936
7694
7695
76974
77151
7716
77163
77210
77223
77238
77286
77309
77408
77427
77430
77454
77461
77582
77600
77662
77668
77678
77684
77733
77736
77763
77772
77840
77845
77872
77897
77901
77932
77957
77965
780
78012
78027
78135
78154
78263
78297
78361
78385
78436
7844
78450
78478
78498
785
78510
78526
7865
78664
78682
7870
78751
78755
78763
78814
7884
78862
78869
78915
78916
78925
78947
78958
78968
78983
78990
79
79008
79028
79072
79105
79157
79248
7928
79296
79321
79351
79354
79399
79413
79436
79463
79470
79480
79496
79499
79522
79528
79532
7956
79560
79570
79581
79594
79597
796
79614
79638
79650
79668
79685
79691
79735
79758
79771
79780
79813
79821
79909
79918
79982
80047
80052
80129
8014
80148
80164
80215
80218
80232
80297
80321
80327
80398
80448
80489
80494
80502
80572
80576
8058
80582
80594
80615
8064
8068
80696
80704
80720
80727
8074
808
8081
80821
80831
80869
80874
8092
8093
80939
80945
80984
81001
81007
81039
81049
81082
81111
81146
81186
81195
8121
81240
81285
81324
81388
81418
8147
81487
81552
81596
81693
81696
81742
81763
81802
81821
81862
81877
81885
81897
81900
82011
82031
82179
82208
82221
82281
82295
82319
82331
82342
82351
82363
82430
82433
82442
82551
82574
82575
82652
82697
82698
82723
82825
82847
82886
82914
82921
82936
82968
83002
83052
8310
83112
83129
83162
83182
83193
83217
8322
83243
83244
83319
83342
83358
8336
83453
83467
83473
8348
83585
83586
83591
83643
8365
8366
8368
83702
8372
83793
83802
83844
83852
83854
83883
83885
83913
83992
840
84030
84049
84073
84124
84141
84262
84317
84357
84389
84403
84415
8442
84427
84433
84460
84497
84499
84564
84565
84573
84590
84692
84729
84757
84765
8478
84781
84844
84861
84911
84926
84961
84967
85016
85036
85085
85167
85199
85244
85251
85265
85281
85291
85296
853
85346
85347
85350
8537
85371
85391
85475
85494
85527
85566
85583
85665
85703
85771
85787
8582
85861
85866
85872
85951
85953
85959
8596
85982
86001
86002
8612
86222
86291
8642
86509
86526
86533
86549
86571
86625
86649
86696
86772
86815
86817
86830
86841
86915
86922
8695
86984
87003
87063
871
87109
87178
87180
87182
87205
87222
87255
87275
8734
8735
87352
87377
87387
87430
87465
87479
87480
87502
87541
87583
87593
87642
87684
8770
87700
87738
8774
8782
87822
87827
87861
87876
87877
8793
87995
88000
88044
88107
88121
88129
88222
88269
88397
88422
88446
88471
88509
8853
88531
8858
88585
88588
88636
88647
88654
88664
88718
88721
88749
88805
88823
88860
88898
88967
89
89017
89042
89046
89049
89062
89148
8915
89217
89230
8924
89243
89286
89287
89326
89344
89368
89434
89446
89483
89495
89560
89576
89614
89700
89701
89758
89776
89785
8979
89811
89826
89832
89856
89890
89898
89905
89958
89959
89983
89991
90013
90017
90031
90037
90086
90092
90098
90147
90272
90274
90285
90360
90394
90403
90468
90479
90487
90513
9058
90639
90694
90725
90763
90796
90810
90833
90851
90877
90902
90913
90919
90920
90932
90948
90973
91046
91071
91079
91093
9115
9124
91240
9125
91257
91259
91278
9129
91336
91387
91396
91401
91460
91492
91608
91724
91729
91734
91745
91790
91797
91825
91868
91951
9196
92030
9204
92045
92050
92057
92139
92150
92156
92162
92227
92252
9230
92360
92400
92407
92438
92441
92446
92462
92543
92577
92604
9261
92614
92679
9272
92734
92787
92806
92830
92877
92880
92897
92914
92922
92934
92977
92984
92998
92999
93008
93019
9303
93037
93043
93095
9312
93173
93226
93252
93262
93285
93313
93327
93381
93383
93430
93474
93479
9351
93516
93555
9359
93593
93653
93654
93664
93681
93692
93717
93779
93793
93847
93864
93905
93956
93974
94004
94019
94035
94048
94049
94098
94102
9411
94119
94129
94132
94170
94200
94206
94218
94251
94262
94284
94321
94329
94368
94414
94430
94454
94459
94537
94549
9455
94552
94554
94602
94608
94633
94670
9470
94713
94741
94766
948
94842
94906
94920
95012
95015
95104
95158
95233
95251
95258
95274
95315
95325
9534
9581
9641
9663
9675
9698
9706
9759
9795
9855
991
9947
9997
